{
 "cells": [
  {
   "cell_type": "markdown",
   "metadata": {},
   "source": [
    "<h1> Probability distribution for each F1 driver to win the Singporean Grand Prix </h1>"
   ]
  },
  {
   "cell_type": "code",
   "execution_count": 8,
   "metadata": {},
   "outputs": [],
   "source": [
    "#Probability Distribution function\n",
    "class ProbDist(dict):\n",
    "    \"\"\"A Probability Distribution; an {outcome: probability} mapping.\"\"\"\n",
    "    def __init__(self, mapping=(), **kwargs):\n",
    "        self.update(mapping, **kwargs)\n",
    "        # Make probabilities sum to 1.0; assert no negative probabilities\n",
    "        total = sum(self.values())\n",
    "        for outcome in self:\n",
    "            self[outcome] = self[outcome] / total\n",
    "            assert self[outcome] >= 0"
   ]
  },
  {
   "cell_type": "code",
   "execution_count": 9,
   "metadata": {},
   "outputs": [],
   "source": [
    "#Function defining p(event,space)\n",
    "def p(event, space): \n",
    "    \"\"\"The probability of an event, given a sample space of equiprobable outcomes. \n",
    "    event: a collection of outcomes, or a predicate that is true of outcomes in the event. \n",
    "    space: a set of outcomes or a probability distribution of {outcome: frequency} pairs.\"\"\"\n",
    "    if is_predicate(event):\n",
    "        event = such_that(event, space)\n",
    "    if isinstance(space, ProbDist):\n",
    "        return sum(space[o] for o in space if o in event)\n",
    "    else:\n",
    "        return Fraction(len(event & space), len(space))\n",
    "\n",
    "is_predicate = callable\n",
    "\n",
    "#such_that() function\n",
    "def such_that(predicate, space): \n",
    "    \"\"\"The outcomes in the sample pace for which the predicate is true.\n",
    "    If space is a set, return a subset {outcome,...} with outcomes where predicate(element) is true;\n",
    "    if space is a ProbDist, return a ProbDist {outcome: frequency,...} with outcomes where predicate(element) is true.\"\"\"\n",
    "    if isinstance(space, ProbDist):\n",
    "        return ProbDist({o:space[o] for o in space if predicate(o)})\n",
    "    else:\n",
    "        return {o for o in space if predicate(o)}"
   ]
  },
  {
   "cell_type": "code",
   "execution_count": 10,
   "metadata": {},
   "outputs": [
    {
     "data": {
      "text/plain": [
       "{'LH': 0.1929906542056075,\n",
       " 'VB': 0.15233644859813084,\n",
       " 'MV': 0.12990654205607477,\n",
       " 'CL': 0.1233644859813084,\n",
       " 'SV': 0.11214953271028037,\n",
       " 'CS': 0.044859813084112146,\n",
       " 'PG': 0.04439252336448598,\n",
       " 'AA': 0.04299065420560748,\n",
       " 'DR': 0.025233644859813085,\n",
       " 'SP': 0.024299065420560748,\n",
       " 'LN': 0.022897196261682243,\n",
       " 'KR': 0.020093457943925235,\n",
       " 'DK': 0.017289719626168223,\n",
       " 'NH': 0.017289719626168223,\n",
       " 'LS': 0.009813084112149532,\n",
       " 'KM': 0.009345794392523364,\n",
       " 'AG': 0.0065420560747663555,\n",
       " 'RG': 0.003738317757009346,\n",
       " 'RK': 0.00046728971962616824,\n",
       " 'GR': 0.0}"
      ]
     },
     "execution_count": 10,
     "metadata": {},
     "output_type": "execute_result"
    }
   ],
   "source": [
    "SGP = ProbDist(LH = 413, VB = 326, MV = 278, CL=264, SV=240, CS=96, PG=95, AA=92, DR=54, SP=52, LN=49, KR=43, DK=37,NH=37, LS=21, KM=20, AG=14, RG=8, RK=1, GR=0)\n",
    "SGP"
   ]
  },
  {
   "cell_type": "markdown",
   "metadata": {},
   "source": [
    "This gives probabilty for each driver winning Singporean Grand Prix"
   ]
  },
  {
   "cell_type": "markdown",
   "metadata": {},
   "source": [
    "<h1> Probability distribution for each F1 driver to win both Singporean and Russian Grand Mix </h1>"
   ]
  },
  {
   "cell_type": "code",
   "execution_count": 11,
   "metadata": {},
   "outputs": [],
   "source": [
    "SGP = ProbDist(LH = 413, VB = 326, MV = 278, CL=264, SV=240, CS=96, PG=95, AA=92, DR=54, SP=52, LN=49, KR=43, DK=37,\n",
    "              NH=37, LS=21, KM=20, AG=14, RG=8, RK=1, GR=0)\n",
    "RGP = ProbDist(LH = 413, VB = 326, MV = 278, CL=264, SV=240, CS=96, PG=95, AA=92, DR=54, SP=52, LN=49, KR=43, DK=37,\n",
    "              NH=37, LS=21, KM=20, AG=14, RG=8, RK=1, GR=0)"
   ]
  },
  {
   "cell_type": "code",
   "execution_count": 13,
   "metadata": {},
   "outputs": [
    {
     "data": {
      "text/plain": [
       "{'LH LH': 0.037245392610708354,\n",
       " 'LH VB': 0.02939951087431216,\n",
       " 'LH MV': 0.025070748536990126,\n",
       " 'LH CL': 0.023808192855271196,\n",
       " 'LH SV': 0.02164381168661018,\n",
       " 'LH CS': 0.008657524674644071,\n",
       " 'LH PG': 0.008567342125949864,\n",
       " 'LH AA': 0.008296794479867236,\n",
       " 'LH DR': 0.004869857629487291,\n",
       " 'LH SP': 0.004689492532098873,\n",
       " 'LH LN': 0.004418944886016246,\n",
       " 'LH KR': 0.003877849593850991,\n",
       " 'LH DK': 0.003336754301685736,\n",
       " 'LH NH': 0.003336754301685736,\n",
       " 'LH LS': 0.0018938335225783906,\n",
       " 'LH KM': 0.0018036509738841816,\n",
       " 'LH AG': 0.0012625556817189272,\n",
       " 'LH RG': 0.0007214603895536728,\n",
       " 'LH RK': 9.01825486942091e-05,\n",
       " 'LH GR': 0.0,\n",
       " 'VB LH': 0.02939951087431216,\n",
       " 'VB VB': 0.023206393571490954,\n",
       " 'VB MV': 0.019789501266486154,\n",
       " 'VB CL': 0.018792907677526418,\n",
       " 'VB SV': 0.017084461525024016,\n",
       " 'VB CS': 0.006833784610009605,\n",
       " 'VB PG': 0.006762599353655339,\n",
       " 'VB AA': 0.006549043584592539,\n",
       " 'VB DR': 0.0038440038431304035,\n",
       " 'VB SP': 0.0037016333304218697,\n",
       " 'VB LN': 0.00348807756135907,\n",
       " 'VB KR': 0.0030609660232334694,\n",
       " 'VB DK': 0.002633854485107869,\n",
       " 'VB NH': 0.002633854485107869,\n",
       " 'VB LS': 0.0014948903834396013,\n",
       " 'VB KM': 0.0014237051270853346,\n",
       " 'VB AG': 0.0009965935889597343,\n",
       " 'VB RG': 0.0005694820508341338,\n",
       " 'VB RK': 7.118525635426673e-05,\n",
       " 'VB GR': 0.0,\n",
       " 'MV LH': 0.025070748536990126,\n",
       " 'MV VB': 0.019789501266486154,\n",
       " 'MV MV': 0.016875709668966718,\n",
       " 'MV CL': 0.016025853786356882,\n",
       " 'MV SV': 0.014568957987597166,\n",
       " 'MV CS': 0.005827583195038867,\n",
       " 'MV PG': 0.005766879203423879,\n",
       " 'MV AA': 0.0055847672285789145,\n",
       " 'MV DR': 0.0032780155472093625,\n",
       " 'MV SP': 0.003156607563979386,\n",
       " 'MV LN': 0.0029744955891344215,\n",
       " 'MV KR': 0.002610271639444493,\n",
       " 'MV DK': 0.002246047689754563,\n",
       " 'MV NH': 0.002246047689754563,\n",
       " 'MV LS': 0.0012747838239147522,\n",
       " 'MV KM': 0.001214079832299764,\n",
       " 'MV AG': 0.0008498558826098348,\n",
       " 'MV RG': 0.0004856319329199056,\n",
       " 'MV RK': 6.07039916149882e-05,\n",
       " 'MV GR': 0.0,\n",
       " 'CL LH': 0.023808192855271196,\n",
       " 'CL VB': 0.018792907677526418,\n",
       " 'CL MV': 0.016025853786356882,\n",
       " 'CL CL': 0.015218796401432434,\n",
       " 'CL SV': 0.013835269455847668,\n",
       " 'CL CS': 0.005534107782339068,\n",
       " 'CL PG': 0.005476460826273036,\n",
       " 'CL AA': 0.00530351995807494,\n",
       " 'CL DR': 0.0031129356275657253,\n",
       " 'CL SP': 0.002997641715433661,\n",
       " 'CL LN': 0.002824700847235566,\n",
       " 'CL KR': 0.0024788191108393743,\n",
       " 'CL DK': 0.0021329373744431823,\n",
       " 'CL NH': 0.0021329373744431823,\n",
       " 'CL LS': 0.0012105860773866711,\n",
       " 'CL KM': 0.001152939121320639,\n",
       " 'CL AG': 0.0008070573849244474,\n",
       " 'CL RG': 0.00046117564852825565,\n",
       " 'CL RK': 5.7646956066031956e-05,\n",
       " 'CL GR': 0.0,\n",
       " 'SV LH': 0.02164381168661018,\n",
       " 'SV VB': 0.017084461525024016,\n",
       " 'SV MV': 0.014568957987597166,\n",
       " 'SV CL': 0.013835269455847668,\n",
       " 'SV SV': 0.012577517687134243,\n",
       " 'SV CS': 0.0050310070748536976,\n",
       " 'SV PG': 0.004978600751157305,\n",
       " 'SV AA': 0.004821381780068128,\n",
       " 'SV DR': 0.0028299414796052053,\n",
       " 'SV SP': 0.00272512883221242,\n",
       " 'SV LN': 0.002567909861123242,\n",
       " 'SV KR': 0.002253471918944886,\n",
       " 'SV DK': 0.0019390339767665294,\n",
       " 'SV NH': 0.0019390339767665294,\n",
       " 'SV LS': 0.0011005327976242464,\n",
       " 'SV KM': 0.0010481264739278537,\n",
       " 'SV AG': 0.0007336885317494975,\n",
       " 'SV RG': 0.0004192505895711415,\n",
       " 'SV RK': 5.240632369639269e-05,\n",
       " 'SV GR': 0.0,\n",
       " 'CS LH': 0.008657524674644071,\n",
       " 'CS VB': 0.006833784610009605,\n",
       " 'CS MV': 0.005827583195038867,\n",
       " 'CS CL': 0.005534107782339068,\n",
       " 'CS SV': 0.0050310070748536976,\n",
       " 'CS CS': 0.0020124028299414788,\n",
       " 'CS PG': 0.001991440300462922,\n",
       " 'CS AA': 0.0019285527120272508,\n",
       " 'CS DR': 0.001131976591842082,\n",
       " 'CS SP': 0.0010900515328849678,\n",
       " 'CS LN': 0.0010271639444492965,\n",
       " 'CS KR': 0.0009013887675779541,\n",
       " 'CS DK': 0.0007756135907066116,\n",
       " 'CS NH': 0.0007756135907066116,\n",
       " 'CS LS': 0.0004402131190496985,\n",
       " 'CS KM': 0.0004192505895711414,\n",
       " 'CS AG': 0.00029347541269979905,\n",
       " 'CS RG': 0.0001677002358284566,\n",
       " 'CS RK': 2.0962529478557075e-05,\n",
       " 'CS GR': 0.0,\n",
       " 'PG LH': 0.008567342125949864,\n",
       " 'PG VB': 0.006762599353655339,\n",
       " 'PG MV': 0.005766879203423879,\n",
       " 'PG CL': 0.005476460826273036,\n",
       " 'PG SV': 0.004978600751157305,\n",
       " 'PG CS': 0.001991440300462922,\n",
       " 'PG PG': 0.001970696130666433,\n",
       " 'PG AA': 0.001908463621276967,\n",
       " 'PG DR': 0.0011201851690103937,\n",
       " 'PG SP': 0.0010786968294174161,\n",
       " 'PG LN': 0.0010164643200279498,\n",
       " 'PG KR': 0.0008919993012490171,\n",
       " 'PG DK': 0.0007675342824700845,\n",
       " 'PG NH': 0.0007675342824700845,\n",
       " 'PG LS': 0.0004356275657262642,\n",
       " 'PG KM': 0.00041488339592977535,\n",
       " 'PG AG': 0.0002904183771508428,\n",
       " 'PG RG': 0.00016595335837191018,\n",
       " 'PG RK': 2.0744169796488772e-05,\n",
       " 'PG GR': 0.0,\n",
       " 'AA LH': 0.008296794479867236,\n",
       " 'AA VB': 0.006549043584592539,\n",
       " 'AA MV': 0.0055847672285789145,\n",
       " 'AA CL': 0.00530351995807494,\n",
       " 'AA SV': 0.004821381780068128,\n",
       " 'AA CS': 0.0019285527120272508,\n",
       " 'AA PG': 0.001908463621276967,\n",
       " 'AA AA': 0.0018481963490261156,\n",
       " 'AA DR': 0.0010848109005153286,\n",
       " 'AA SP': 0.001044632719014761,\n",
       " 'AA LN': 0.0009843654467639094,\n",
       " 'AA KR': 0.0008638309022622062,\n",
       " 'AA DK': 0.0007432963577605029,\n",
       " 'AA NH': 0.0007432963577605029,\n",
       " 'AA LS': 0.00042187090575596114,\n",
       " 'AA KM': 0.00040178181500567724,\n",
       " 'AA AG': 0.00028124727050397413,\n",
       " 'AA RG': 0.00016071272600227092,\n",
       " 'AA RK': 2.0089090750283865e-05,\n",
       " 'AA GR': 0.0,\n",
       " 'DR LH': 0.004869857629487291,\n",
       " 'DR VB': 0.0038440038431304035,\n",
       " 'DR MV': 0.0032780155472093625,\n",
       " 'DR CL': 0.0031129356275657253,\n",
       " 'DR SV': 0.0028299414796052053,\n",
       " 'DR CS': 0.001131976591842082,\n",
       " 'DR PG': 0.0011201851690103937,\n",
       " 'DR AA': 0.0010848109005153286,\n",
       " 'DR DR': 0.0006367368329111712,\n",
       " 'DR SP': 0.0006131539872477944,\n",
       " 'DR LN': 0.0005777797187527294,\n",
       " 'DR KR': 0.0005070311817625993,\n",
       " 'DR DK': 0.0004362826447724691,\n",
       " 'DR NH': 0.0004362826447724691,\n",
       " 'DR LS': 0.00024761987946545546,\n",
       " 'DR KM': 0.0002358284566337671,\n",
       " 'DR AG': 0.00016507991964363698,\n",
       " 'DR RG': 9.433138265350684e-05,\n",
       " 'DR RK': 1.1791422831688355e-05,\n",
       " 'DR GR': 0.0,\n",
       " 'SP LH': 0.004689492532098873,\n",
       " 'SP VB': 0.0037016333304218697,\n",
       " 'SP MV': 0.003156607563979386,\n",
       " 'SP CL': 0.002997641715433661,\n",
       " 'SP SV': 0.00272512883221242,\n",
       " 'SP CS': 0.0010900515328849678,\n",
       " 'SP PG': 0.0010786968294174161,\n",
       " 'SP AA': 0.001044632719014761,\n",
       " 'SP DR': 0.0006131539872477944,\n",
       " 'SP SP': 0.000590444580312691,\n",
       " 'SP LN': 0.0005563804699100357,\n",
       " 'SP KR': 0.00048825224910472524,\n",
       " 'SP DK': 0.00042012402829941464,\n",
       " 'SP NH': 0.00042012402829941464,\n",
       " 'SP LS': 0.0002384487728185867,\n",
       " 'SP KM': 0.00022709406935103496,\n",
       " 'SP AG': 0.0001589658485457245,\n",
       " 'SP RG': 9.0837627740414e-05,\n",
       " 'SP RK': 1.135470346755175e-05,\n",
       " 'SP GR': 0.0,\n",
       " 'LN LH': 0.004418944886016246,\n",
       " 'LN VB': 0.00348807756135907,\n",
       " 'LN MV': 0.0029744955891344215,\n",
       " 'LN CL': 0.002824700847235566,\n",
       " 'LN SV': 0.002567909861123242,\n",
       " 'LN CS': 0.0010271639444492965,\n",
       " 'LN PG': 0.0010164643200279498,\n",
       " 'LN AA': 0.0009843654467639094,\n",
       " 'LN DR': 0.0005777797187527294,\n",
       " 'LN SP': 0.0005563804699100357,\n",
       " 'LN LN': 0.0005242815966459952,\n",
       " 'LN KR': 0.0004600838501179142,\n",
       " 'LN DK': 0.0003958861035898331,\n",
       " 'LN NH': 0.0003958861035898331,\n",
       " 'LN LS': 0.00022469211284828364,\n",
       " 'LN KM': 0.0002139924884269368,\n",
       " 'LN AG': 0.00014979474189885577,\n",
       " 'LN RG': 8.559699537077473e-05,\n",
       " 'LN RK': 1.0699624421346842e-05,\n",
       " 'LN GR': 0.0,\n",
       " 'KR LH': 0.003877849593850991,\n",
       " 'KR VB': 0.0030609660232334694,\n",
       " 'KR MV': 0.002610271639444493,\n",
       " 'KR CL': 0.0024788191108393743,\n",
       " 'KR SV': 0.002253471918944886,\n",
       " 'KR CS': 0.0009013887675779541,\n",
       " 'KR PG': 0.0008919993012490171,\n",
       " 'KR AA': 0.0008638309022622062,\n",
       " 'KR DR': 0.0005070311817625993,\n",
       " 'KR SP': 0.00048825224910472524,\n",
       " 'KR LN': 0.0004600838501179142,\n",
       " 'KR KR': 0.000403747052144292,\n",
       " 'KR DK': 0.0003474102541706699,\n",
       " 'KR NH': 0.0003474102541706699,\n",
       " 'KR LS': 0.00019717879290767748,\n",
       " 'KR KM': 0.00018778932657874045,\n",
       " 'KR AG': 0.00013145252860511834,\n",
       " 'KR RG': 7.51157306314962e-05,\n",
       " 'KR RK': 9.389466328937025e-06,\n",
       " 'KR GR': 0.0,\n",
       " 'DK LH': 0.003336754301685736,\n",
       " 'DK VB': 0.002633854485107869,\n",
       " 'DK MV': 0.002246047689754563,\n",
       " 'DK CL': 0.0021329373744431823,\n",
       " 'DK SV': 0.0019390339767665294,\n",
       " 'DK CS': 0.0007756135907066116,\n",
       " 'DK PG': 0.0007675342824700845,\n",
       " 'DK AA': 0.0007432963577605029,\n",
       " 'DK DR': 0.0004362826447724691,\n",
       " 'DK SP': 0.00042012402829941464,\n",
       " 'DK LN': 0.0003958861035898331,\n",
       " 'DK KR': 0.0003474102541706699,\n",
       " 'DK DK': 0.0002989344047515066,\n",
       " 'DK NH': 0.0002989344047515066,\n",
       " 'DK LS': 0.00016966547296707132,\n",
       " 'DK KM': 0.00016158616473054411,\n",
       " 'DK AG': 0.00011311031531138088,\n",
       " 'DK RG': 6.463446589221765e-05,\n",
       " 'DK RK': 8.079308236527206e-06,\n",
       " 'DK GR': 0.0,\n",
       " 'NH LH': 0.003336754301685736,\n",
       " 'NH VB': 0.002633854485107869,\n",
       " 'NH MV': 0.002246047689754563,\n",
       " 'NH CL': 0.0021329373744431823,\n",
       " 'NH SV': 0.0019390339767665294,\n",
       " 'NH CS': 0.0007756135907066116,\n",
       " 'NH PG': 0.0007675342824700845,\n",
       " 'NH AA': 0.0007432963577605029,\n",
       " 'NH DR': 0.0004362826447724691,\n",
       " 'NH SP': 0.00042012402829941464,\n",
       " 'NH LN': 0.0003958861035898331,\n",
       " 'NH KR': 0.0003474102541706699,\n",
       " 'NH DK': 0.0002989344047515066,\n",
       " 'NH NH': 0.0002989344047515066,\n",
       " 'NH LS': 0.00016966547296707132,\n",
       " 'NH KM': 0.00016158616473054411,\n",
       " 'NH AG': 0.00011311031531138088,\n",
       " 'NH RG': 6.463446589221765e-05,\n",
       " 'NH RK': 8.079308236527206e-06,\n",
       " 'NH GR': 0.0,\n",
       " 'LS LH': 0.0018938335225783906,\n",
       " 'LS VB': 0.0014948903834396013,\n",
       " 'LS MV': 0.0012747838239147522,\n",
       " 'LS CL': 0.0012105860773866711,\n",
       " 'LS SV': 0.0011005327976242464,\n",
       " 'LS CS': 0.0004402131190496985,\n",
       " 'LS PG': 0.0004356275657262642,\n",
       " 'LS AA': 0.00042187090575596114,\n",
       " 'LS DR': 0.00024761987946545546,\n",
       " 'LS SP': 0.0002384487728185867,\n",
       " 'LS LN': 0.00022469211284828364,\n",
       " 'LS KR': 0.00019717879290767748,\n",
       " 'LS DK': 0.00016966547296707132,\n",
       " 'LS NH': 0.00016966547296707132,\n",
       " 'LS LS': 9.629661979212154e-05,\n",
       " 'LS KM': 9.171106646868718e-05,\n",
       " 'LS AG': 6.419774652808105e-05,\n",
       " 'LS RG': 3.668442658747488e-05,\n",
       " 'LS RK': 4.58555332343436e-06,\n",
       " 'LS GR': 0.0,\n",
       " 'KM LH': 0.0018036509738841816,\n",
       " 'KM VB': 0.0014237051270853346,\n",
       " 'KM MV': 0.001214079832299764,\n",
       " 'KM CL': 0.001152939121320639,\n",
       " 'KM SV': 0.0010481264739278537,\n",
       " 'KM CS': 0.0004192505895711414,\n",
       " 'KM PG': 0.00041488339592977535,\n",
       " 'KM AA': 0.00040178181500567724,\n",
       " 'KM DR': 0.0002358284566337671,\n",
       " 'KM SP': 0.00022709406935103496,\n",
       " 'KM LN': 0.0002139924884269368,\n",
       " 'KM KR': 0.00018778932657874045,\n",
       " 'KM DK': 0.00016158616473054411,\n",
       " 'KM NH': 0.00016158616473054411,\n",
       " 'KM LS': 9.171106646868718e-05,\n",
       " 'KM KM': 8.734387282732114e-05,\n",
       " 'KM AG': 6.11407109791248e-05,\n",
       " 'KM RG': 3.493754913092846e-05,\n",
       " 'KM RK': 4.3671936413660576e-06,\n",
       " 'KM GR': 0.0,\n",
       " 'AG LH': 0.0012625556817189272,\n",
       " 'AG VB': 0.0009965935889597343,\n",
       " 'AG MV': 0.0008498558826098348,\n",
       " 'AG CL': 0.0008070573849244474,\n",
       " 'AG SV': 0.0007336885317494975,\n",
       " 'AG CS': 0.00029347541269979905,\n",
       " 'AG PG': 0.0002904183771508428,\n",
       " 'AG AA': 0.00028124727050397413,\n",
       " 'AG DR': 0.00016507991964363698,\n",
       " 'AG SP': 0.0001589658485457245,\n",
       " 'AG LN': 0.00014979474189885577,\n",
       " 'AG KR': 0.00013145252860511834,\n",
       " 'AG DK': 0.00011311031531138088,\n",
       " 'AG NH': 0.00011311031531138088,\n",
       " 'AG LS': 6.419774652808105e-05,\n",
       " 'AG KM': 6.11407109791248e-05,\n",
       " 'AG AG': 4.279849768538737e-05,\n",
       " 'AG RG': 2.4456284391649923e-05,\n",
       " 'AG RK': 3.0570355489562404e-06,\n",
       " 'AG GR': 0.0,\n",
       " 'RG LH': 0.0007214603895536728,\n",
       " 'RG VB': 0.0005694820508341338,\n",
       " 'RG MV': 0.0004856319329199056,\n",
       " 'RG CL': 0.00046117564852825565,\n",
       " 'RG SV': 0.0004192505895711415,\n",
       " 'RG CS': 0.0001677002358284566,\n",
       " 'RG PG': 0.00016595335837191018,\n",
       " 'RG AA': 0.00016071272600227092,\n",
       " 'RG DR': 9.433138265350684e-05,\n",
       " 'RG SP': 9.0837627740414e-05,\n",
       " 'RG LN': 8.559699537077473e-05,\n",
       " 'RG KR': 7.51157306314962e-05,\n",
       " 'RG DK': 6.463446589221765e-05,\n",
       " 'RG NH': 6.463446589221765e-05,\n",
       " 'RG LS': 3.668442658747488e-05,\n",
       " 'RG KM': 3.493754913092846e-05,\n",
       " 'RG AG': 2.4456284391649923e-05,\n",
       " 'RG RG': 1.3975019652371384e-05,\n",
       " 'RG RK': 1.746877456546423e-06,\n",
       " 'RG GR': 0.0,\n",
       " 'RK LH': 9.01825486942091e-05,\n",
       " 'RK VB': 7.118525635426673e-05,\n",
       " 'RK MV': 6.07039916149882e-05,\n",
       " 'RK CL': 5.7646956066031956e-05,\n",
       " 'RK SV': 5.240632369639269e-05,\n",
       " 'RK CS': 2.0962529478557075e-05,\n",
       " 'RK PG': 2.0744169796488772e-05,\n",
       " 'RK AA': 2.0089090750283865e-05,\n",
       " 'RK DR': 1.1791422831688355e-05,\n",
       " 'RK SP': 1.135470346755175e-05,\n",
       " 'RK LN': 1.0699624421346842e-05,\n",
       " 'RK KR': 9.389466328937025e-06,\n",
       " 'RK DK': 8.079308236527206e-06,\n",
       " 'RK NH': 8.079308236527206e-06,\n",
       " 'RK LS': 4.58555332343436e-06,\n",
       " 'RK KM': 4.3671936413660576e-06,\n",
       " 'RK AG': 3.0570355489562404e-06,\n",
       " 'RK RG': 1.746877456546423e-06,\n",
       " 'RK RK': 2.1835968206830287e-07,\n",
       " 'RK GR': 0.0,\n",
       " 'GR LH': 0.0,\n",
       " 'GR VB': 0.0,\n",
       " 'GR MV': 0.0,\n",
       " 'GR CL': 0.0,\n",
       " 'GR SV': 0.0,\n",
       " 'GR CS': 0.0,\n",
       " 'GR PG': 0.0,\n",
       " 'GR AA': 0.0,\n",
       " 'GR DR': 0.0,\n",
       " 'GR SP': 0.0,\n",
       " 'GR LN': 0.0,\n",
       " 'GR KR': 0.0,\n",
       " 'GR DK': 0.0,\n",
       " 'GR NH': 0.0,\n",
       " 'GR LS': 0.0,\n",
       " 'GR KM': 0.0,\n",
       " 'GR AG': 0.0,\n",
       " 'GR RG': 0.0,\n",
       " 'GR RK': 0.0,\n",
       " 'GR GR': 0.0}"
      ]
     },
     "execution_count": 13,
     "metadata": {},
     "output_type": "execute_result"
    }
   ],
   "source": [
    "def joint(A, B, sep=''):\n",
    "    \"\"\"The joint distribution of two independent probability distributions. \n",
    "    Result is all entries of the form {a+sep+b: P(a)*P(b)}\"\"\"\n",
    "    return ProbDist({a + sep + b: A[a] * B[b]\n",
    "                    for a in A\n",
    "                    for b in B}) \n",
    "\n",
    "race = joint(SGP, RGP, ' ')\n",
    "race"
   ]
  },
  {
   "cell_type": "code",
   "execution_count": 14,
   "metadata": {},
   "outputs": [
    {
     "data": {
      "text/plain": [
       "{'LH LH': 0.3268607235934386,\n",
       " 'VB VB': 0.20365629311666406,\n",
       " 'MV MV': 0.14809903418672388,\n",
       " 'CL CL': 0.13355817875210788,\n",
       " 'SV SV': 0.110378660125709,\n",
       " 'CS CS': 0.01766058562011344,\n",
       " 'PG PG': 0.01729457304921048,\n",
       " 'AA AA': 0.016219530890694465,\n",
       " 'DR DR': 0.005587919668864019,\n",
       " 'SP SP': 0.0051816648781235625,\n",
       " 'LN LN': 0.004601027134753947,\n",
       " 'KR KR': 0.0035432316418825688,\n",
       " 'DK DK': 0.0026234094741683267,\n",
       " 'NH NH': 0.0026234094741683267,\n",
       " 'LS LS': 0.0008450866165874595,\n",
       " 'KM KM': 0.0007665184730952015,\n",
       " 'AG AG': 0.00037559405181664877,\n",
       " 'RG RG': 0.00012264295569523224,\n",
       " 'RK RK': 1.916296182738004e-06,\n",
       " 'GR GR': 0.0}"
      ]
     },
     "execution_count": 14,
     "metadata": {},
     "output_type": "execute_result"
    }
   ],
   "source": [
    "def each_win(outcome): return outcome == 'LH LH' or outcome == 'VB VB' or outcome == 'MV MV' or outcome == 'CL CL' or outcome == 'SV SV' or outcome == 'CS CS' or outcome == 'PG PG' or outcome == 'AA AA' or outcome == 'DR DR' or outcome == 'SP SP' or outcome == 'LN LN' or outcome == 'KR KR' or outcome == 'DK DK' or outcome == 'NH NH' or outcome == 'LS LS' or outcome == 'CL CL' or outcome == 'SV SV' or outcome == 'CS CS' or outcome == 'PG PG' or outcome == 'AA AA' or outcome == 'DR DR' or outcome == 'SP SP' or outcome == 'LN LN' or outcome == 'LS LS' or outcome == 'KM KM' or outcome == 'AG AG' or outcome == 'RG RG' or outcome == 'RK RK' or outcome == 'GR GR' \n",
    "such_that(each_win, race)\n",
    "#p(each_win, race)"
   ]
  },
  {
   "cell_type": "markdown",
   "metadata": {},
   "source": [
    "The above probabilities show that each F1 drivers win both races"
   ]
  },
  {
   "cell_type": "markdown",
   "metadata": {},
   "source": [
    "<h1> Probability distribution for Mercedes to win both the race </h1>"
   ]
  },
  {
   "cell_type": "code",
   "execution_count": 16,
   "metadata": {},
   "outputs": [
    {
     "data": {
      "text/plain": [
       "{'LH LH': 0.3123282203028267,\n",
       " 'LH VB': 0.24653510851990676,\n",
       " 'VB LH': 0.24653510851990676,\n",
       " 'VB VB': 0.1946015626573598}"
      ]
     },
     "execution_count": 16,
     "metadata": {},
     "output_type": "execute_result"
    }
   ],
   "source": [
    "def mercedes(outcome): return outcome == 'LH LH' or outcome == 'VB VB' or outcome == 'LH VB' or outcome == 'VB LH'\n",
    "such_that(mercedes, race)"
   ]
  },
  {
   "cell_type": "code",
   "execution_count": 17,
   "metadata": {},
   "outputs": [
    {
     "data": {
      "text/plain": [
       "0.11925080793082363"
      ]
     },
     "execution_count": 17,
     "metadata": {},
     "output_type": "execute_result"
    }
   ],
   "source": [
    "def mercedes(outcome): return outcome == 'LH LH' or outcome == 'VB VB' or outcome == 'LH VB' or outcome == 'VB LH'\n",
    "p(mercedes, race)"
   ]
  },
  {
   "cell_type": "markdown",
   "metadata": {},
   "source": [
    "0.1192 is the probabilty that Mercedes wins both the race"
   ]
  },
  {
   "cell_type": "markdown",
   "metadata": {},
   "source": [
    "<h1> Probability distribution of Mercedes winning at least one race </h1>"
   ]
  },
  {
   "cell_type": "code",
   "execution_count": 19,
   "metadata": {},
   "outputs": [
    {
     "data": {
      "text/plain": [
       "0.5714033976766529"
      ]
     },
     "execution_count": 19,
     "metadata": {},
     "output_type": "execute_result"
    }
   ],
   "source": [
    "def mercedes(outcome): return 'LH' in outcome or 'VB' in outcome\n",
    "such_that(mercedes, race)\n",
    "p(mercedes, race)"
   ]
  },
  {
   "cell_type": "markdown",
   "metadata": {},
   "source": [
    "0.571 is probability of Mercedes winning at least one race"
   ]
  },
  {
   "cell_type": "markdown",
   "metadata": {},
   "source": [
    " <h1> Probability of Mercedes winning second race,after winning the first one </h1>"
   ]
  },
  {
   "cell_type": "code",
   "execution_count": 31,
   "metadata": {},
   "outputs": [],
   "source": [
    "def starts(outcome):  return outcome.startswith('LH') or outcome.startswith('VB')\n",
    "def ends(outcome): return outcome.endswith('LH') or outcome.endswith('VB')"
   ]
  },
  {
   "cell_type": "code",
   "execution_count": 32,
   "metadata": {},
   "outputs": [
    {
     "data": {
      "text/plain": [
       "0.3453271028037384"
      ]
     },
     "execution_count": 32,
     "metadata": {},
     "output_type": "execute_result"
    }
   ],
   "source": [
    "p(ends, such_that(starts, race))"
   ]
  },
  {
   "cell_type": "markdown",
   "metadata": {},
   "source": [
    "0.345 is the probability of Mercedes winning second race after the first one"
   ]
  },
  {
   "cell_type": "markdown",
   "metadata": {},
   "source": [
    "<h1> If Mercedes wins at least one of two races, probability that Mercedes wins both the races </h1>"
   ]
  },
  {
   "cell_type": "code",
   "execution_count": 38,
   "metadata": {},
   "outputs": [
    {
     "data": {
      "text/plain": [
       "0.11925080793082363"
      ]
     },
     "execution_count": 38,
     "metadata": {},
     "output_type": "execute_result"
    }
   ],
   "source": [
    "def mercedes(outcome): return outcome == 'LH LH' or outcome == 'VB VB' or outcome == 'LH VB' or outcome == 'VB LH'\n",
    "p(mercedes, race)"
   ]
  },
  {
   "cell_type": "markdown",
   "metadata": {},
   "source": [
    "0.1192 is the probabilty that Mercedes wins both the race"
   ]
  },
  {
   "cell_type": "markdown",
   "metadata": {},
   "source": [
    "<h1> Probability of Ferrari winning second race,after winning the first one </h1>"
   ]
  },
  {
   "cell_type": "code",
   "execution_count": 33,
   "metadata": {},
   "outputs": [],
   "source": [
    "def starts(outcome):  return outcome.startswith('CL') or outcome.startswith('SV')\n",
    "def ends(outcome): return outcome.endswith('CL') or outcome.endswith('SV')"
   ]
  },
  {
   "cell_type": "code",
   "execution_count": 34,
   "metadata": {},
   "outputs": [
    {
     "data": {
      "text/plain": [
       "0.23551401869158872"
      ]
     },
     "execution_count": 34,
     "metadata": {},
     "output_type": "execute_result"
    }
   ],
   "source": [
    "p(ends, such_that(starts, race))"
   ]
  },
  {
   "cell_type": "markdown",
   "metadata": {},
   "source": [
    "0.235 is the probability of Ferrari winning second race after the first one"
   ]
  },
  {
   "cell_type": "markdown",
   "metadata": {},
   "source": [
    "<h1> If Ferrari wins at least one of two races, probability that Ferrari wins both the races </h1>"
   ]
  },
  {
   "cell_type": "code",
   "execution_count": 40,
   "metadata": {},
   "outputs": [
    {
     "data": {
      "text/plain": [
       "0.05546685300026201"
      ]
     },
     "execution_count": 40,
     "metadata": {},
     "output_type": "execute_result"
    }
   ],
   "source": [
    "def ferrari(outcome): return outcome == 'CL CL' or outcome == 'SV SV' or outcome == 'CL SV' or outcome == 'SV CL'\n",
    "p(ferrari, race)"
   ]
  },
  {
   "cell_type": "markdown",
   "metadata": {},
   "source": [
    "0.0554 is the probabilty that Mercedes wins both the race"
   ]
  },
  {
   "cell_type": "markdown",
   "metadata": {},
   "source": [
    "<h1> Probability of Alpha winning second race,after winning the first one </h1>"
   ]
  },
  {
   "cell_type": "code",
   "execution_count": 36,
   "metadata": {},
   "outputs": [],
   "source": [
    "def starts(outcome):  return outcome.startswith('KR') or outcome.startswith('AG')\n",
    "def ends(outcome): return outcome.endswith('KG') or outcome.endswith('AG')"
   ]
  },
  {
   "cell_type": "code",
   "execution_count": 37,
   "metadata": {},
   "outputs": [
    {
     "data": {
      "text/plain": [
       "0.0065420560747663555"
      ]
     },
     "execution_count": 37,
     "metadata": {},
     "output_type": "execute_result"
    }
   ],
   "source": [
    "p(ends, such_that(starts, race))"
   ]
  },
  {
   "cell_type": "markdown",
   "metadata": {},
   "source": [
    "0.00654 is the probability of Alpha winning second race"
   ]
  },
  {
   "cell_type": "markdown",
   "metadata": {},
   "source": [
    " <h1> If Alpha wins at least one of two races, probability that Alpha wins both the races </h1>"
   ]
  },
  {
   "cell_type": "code",
   "execution_count": 42,
   "metadata": {},
   "outputs": [
    {
     "data": {
      "text/plain": [
       "0.0007094506070399161"
      ]
     },
     "execution_count": 42,
     "metadata": {},
     "output_type": "execute_result"
    }
   ],
   "source": [
    "def alpha(outcome): return outcome == 'KR KR' or outcome == 'AG AG' or outcome == 'KR AG' or outcome == 'AG KR'\n",
    "p(alpha, race)"
   ]
  },
  {
   "cell_type": "markdown",
   "metadata": {},
   "source": [
    "0.00070 is the probability of winning both race"
   ]
  },
  {
   "cell_type": "markdown",
   "metadata": {},
   "source": [
    " <h1> Probability of McLaren winning second race,after winning the first one </h1>"
   ]
  },
  {
   "cell_type": "code",
   "execution_count": 44,
   "metadata": {},
   "outputs": [],
   "source": [
    "def starts(outcome):  return outcome.startswith('CS') or outcome.startswith('LN')\n",
    "def ends(outcome): return outcome.endswith('CS') or outcome.endswith('LN')"
   ]
  },
  {
   "cell_type": "code",
   "execution_count": 45,
   "metadata": {},
   "outputs": [
    {
     "data": {
      "text/plain": [
       "0.06775700934579439"
      ]
     },
     "execution_count": 45,
     "metadata": {},
     "output_type": "execute_result"
    }
   ],
   "source": [
    "p(ends, such_that(starts, race))"
   ]
  },
  {
   "cell_type": "markdown",
   "metadata": {},
   "source": [
    "0.0677 is the probability of McLaren winning second race"
   ]
  },
  {
   "cell_type": "markdown",
   "metadata": {},
   "source": [
    "<h1> If McLaren wins at least one of two races, probability that McLaren wins both the races </h1>"
   ]
  },
  {
   "cell_type": "code",
   "execution_count": 47,
   "metadata": {},
   "outputs": [
    {
     "data": {
      "text/plain": [
       "0.004591012315486067"
      ]
     },
     "execution_count": 47,
     "metadata": {},
     "output_type": "execute_result"
    }
   ],
   "source": [
    "def mclaren(outcome): return outcome == 'CS CS' or outcome == 'LN LN' or outcome == 'CS LN' or outcome == 'LN CS'\n",
    "p(mclaren, race)"
   ]
  },
  {
   "cell_type": "markdown",
   "metadata": {},
   "source": [
    "0.0045 is the probability of winning both races"
   ]
  },
  {
   "cell_type": "markdown",
   "metadata": {},
   "source": [
    "<h1> Mercedes wins at least one of these two races on a rainy day. What is the probability Mercedes wins both races, assuming races can be held on either rainy, sunny, cloudy, snowy or foggy days? Assume that rain, sun, clouds, snow, and fog are the only possible weather conditions on race tracks. </h1>"
   ]
  },
  {
   "cell_type": "code",
   "execution_count": 48,
   "metadata": {},
   "outputs": [],
   "source": [
    "#As there are 5 possibe weather conditions in a day, each weather condition will have 1/5 or 0.2 possibility\n",
    "day = ProbDist(r = 0.2, sun = 0.2, c = 0.2, s = 0.2, f = 0.2)"
   ]
  },
  {
   "cell_type": "code",
   "execution_count": 49,
   "metadata": {},
   "outputs": [
    {
     "data": {
      "text/plain": [
       "{'LH r': 0.03859813084112147,\n",
       " 'LH sun': 0.03859813084112147,\n",
       " 'LH c': 0.03859813084112147,\n",
       " 'LH s': 0.03859813084112147,\n",
       " 'LH f': 0.03859813084112147,\n",
       " 'VB r': 0.03046728971962615,\n",
       " 'VB sun': 0.03046728971962615,\n",
       " 'VB c': 0.03046728971962615,\n",
       " 'VB s': 0.03046728971962615,\n",
       " 'VB f': 0.03046728971962615,\n",
       " 'MV r': 0.02598130841121494,\n",
       " 'MV sun': 0.02598130841121494,\n",
       " 'MV c': 0.02598130841121494,\n",
       " 'MV s': 0.02598130841121494,\n",
       " 'MV f': 0.02598130841121494,\n",
       " 'CL r': 0.024672897196261666,\n",
       " 'CL sun': 0.024672897196261666,\n",
       " 'CL c': 0.024672897196261666,\n",
       " 'CL s': 0.024672897196261666,\n",
       " 'CL f': 0.024672897196261666,\n",
       " 'SV r': 0.022429906542056063,\n",
       " 'SV sun': 0.022429906542056063,\n",
       " 'SV c': 0.022429906542056063,\n",
       " 'SV s': 0.022429906542056063,\n",
       " 'SV f': 0.022429906542056063,\n",
       " 'CS r': 0.008971962616822425,\n",
       " 'CS sun': 0.008971962616822425,\n",
       " 'CS c': 0.008971962616822425,\n",
       " 'CS s': 0.008971962616822425,\n",
       " 'CS f': 0.008971962616822425,\n",
       " 'PG r': 0.008878504672897192,\n",
       " 'PG sun': 0.008878504672897192,\n",
       " 'PG c': 0.008878504672897192,\n",
       " 'PG s': 0.008878504672897192,\n",
       " 'PG f': 0.008878504672897192,\n",
       " 'AA r': 0.008598130841121491,\n",
       " 'AA sun': 0.008598130841121491,\n",
       " 'AA c': 0.008598130841121491,\n",
       " 'AA s': 0.008598130841121491,\n",
       " 'AA f': 0.008598130841121491,\n",
       " 'DR r': 0.005046728971962614,\n",
       " 'DR sun': 0.005046728971962614,\n",
       " 'DR c': 0.005046728971962614,\n",
       " 'DR s': 0.005046728971962614,\n",
       " 'DR f': 0.005046728971962614,\n",
       " 'SP r': 0.004859813084112146,\n",
       " 'SP sun': 0.004859813084112146,\n",
       " 'SP c': 0.004859813084112146,\n",
       " 'SP s': 0.004859813084112146,\n",
       " 'SP f': 0.004859813084112146,\n",
       " 'LN r': 0.004579439252336445,\n",
       " 'LN sun': 0.004579439252336445,\n",
       " 'LN c': 0.004579439252336445,\n",
       " 'LN s': 0.004579439252336445,\n",
       " 'LN f': 0.004579439252336445,\n",
       " 'KR r': 0.004018691588785045,\n",
       " 'KR sun': 0.004018691588785045,\n",
       " 'KR c': 0.004018691588785045,\n",
       " 'KR s': 0.004018691588785045,\n",
       " 'KR f': 0.004018691588785045,\n",
       " 'DK r': 0.0034579439252336425,\n",
       " 'DK sun': 0.0034579439252336425,\n",
       " 'DK c': 0.0034579439252336425,\n",
       " 'DK s': 0.0034579439252336425,\n",
       " 'DK f': 0.0034579439252336425,\n",
       " 'NH r': 0.0034579439252336425,\n",
       " 'NH sun': 0.0034579439252336425,\n",
       " 'NH c': 0.0034579439252336425,\n",
       " 'NH s': 0.0034579439252336425,\n",
       " 'NH f': 0.0034579439252336425,\n",
       " 'LS r': 0.0019626168224299054,\n",
       " 'LS sun': 0.0019626168224299054,\n",
       " 'LS c': 0.0019626168224299054,\n",
       " 'LS s': 0.0019626168224299054,\n",
       " 'LS f': 0.0019626168224299054,\n",
       " 'KM r': 0.0018691588785046715,\n",
       " 'KM sun': 0.0018691588785046715,\n",
       " 'KM c': 0.0018691588785046715,\n",
       " 'KM s': 0.0018691588785046715,\n",
       " 'KM f': 0.0018691588785046715,\n",
       " 'AG r': 0.0013084112149532702,\n",
       " 'AG sun': 0.0013084112149532702,\n",
       " 'AG c': 0.0013084112149532702,\n",
       " 'AG s': 0.0013084112149532702,\n",
       " 'AG f': 0.0013084112149532702,\n",
       " 'RG r': 0.0007476635514018687,\n",
       " 'RG sun': 0.0007476635514018687,\n",
       " 'RG c': 0.0007476635514018687,\n",
       " 'RG s': 0.0007476635514018687,\n",
       " 'RG f': 0.0007476635514018687,\n",
       " 'RK r': 9.345794392523359e-05,\n",
       " 'RK sun': 9.345794392523359e-05,\n",
       " 'RK c': 9.345794392523359e-05,\n",
       " 'RK s': 9.345794392523359e-05,\n",
       " 'RK f': 9.345794392523359e-05,\n",
       " 'GR r': 0.0,\n",
       " 'GR sun': 0.0,\n",
       " 'GR c': 0.0,\n",
       " 'GR s': 0.0,\n",
       " 'GR f': 0.0}"
      ]
     },
     "execution_count": 49,
     "metadata": {},
     "output_type": "execute_result"
    }
   ],
   "source": [
    "def joint(A, B, sep=''):\n",
    "    \"\"\"The joint distribution of two independent probability distributions. \n",
    "    Result is all entries of the form {a+sep+b: P(a)*P(b)}\"\"\"\n",
    "    return ProbDist({a + sep + b: A[a] * B[b] \n",
    "                    for a in A\n",
    "                    for b in B}) \n",
    "\n",
    "race1 = joint(SGP, day, ' ')\n",
    "race1"
   ]
  },
  {
   "cell_type": "code",
   "execution_count": 50,
   "metadata": {},
   "outputs": [
    {
     "data": {
      "text/plain": [
       "{'LH r': 0.03859813084112147,\n",
       " 'LH sun': 0.03859813084112147,\n",
       " 'LH c': 0.03859813084112147,\n",
       " 'LH s': 0.03859813084112147,\n",
       " 'LH f': 0.03859813084112147,\n",
       " 'VB r': 0.03046728971962615,\n",
       " 'VB sun': 0.03046728971962615,\n",
       " 'VB c': 0.03046728971962615,\n",
       " 'VB s': 0.03046728971962615,\n",
       " 'VB f': 0.03046728971962615,\n",
       " 'MV r': 0.02598130841121494,\n",
       " 'MV sun': 0.02598130841121494,\n",
       " 'MV c': 0.02598130841121494,\n",
       " 'MV s': 0.02598130841121494,\n",
       " 'MV f': 0.02598130841121494,\n",
       " 'CL r': 0.024672897196261666,\n",
       " 'CL sun': 0.024672897196261666,\n",
       " 'CL c': 0.024672897196261666,\n",
       " 'CL s': 0.024672897196261666,\n",
       " 'CL f': 0.024672897196261666,\n",
       " 'SV r': 0.022429906542056063,\n",
       " 'SV sun': 0.022429906542056063,\n",
       " 'SV c': 0.022429906542056063,\n",
       " 'SV s': 0.022429906542056063,\n",
       " 'SV f': 0.022429906542056063,\n",
